ISS (ZARYA)             
1 25544U 98067A   26113.61927549  .00008948  00000+0  17083-3 0  9996
2 25544  51.6320 210.1816 0006827 342.1760  17.8988 15.48912820563290
POISK                   
1 36086U 09060A   26113.61927549  .00008948  00000+0  17083-3 0  9994
2 36086  51.6320 210.1816 0006827 342.1760  17.8988 15.48912820563080
CSS (TIANHE)            
1 48274U 21035A   26113.54209464  .00023003  00000+0  25056-3 0  9991
2 48274  41.4673 294.8032 0006745 259.8887 100.1192 15.62838201284621
ISS (NAUKA)             
1 49044U 21066A   26113.61927549  .00008948  00000+0  17083-3 0  9992
2 49044  51.6320 210.1816 0006827 342.1760  17.8988 15.48912820563123
FREGAT DEB              
1 49271U 11037PF  26111.21656224  .00003101  00000+0  47935-2 0  9998
2 49271  51.6429 173.0397 0943553 156.8872 207.7485 12.41014465217975
CSS (WENTIAN)           
1 53239U 22085A   26113.54209464  .00023003  00000+0  25056-3 0  9994
2 53239  41.4673 294.8032 0006745 259.8887 100.1192 15.62838201283133
CSS (MENGTIAN)          
1 54216U 22143A   26113.54209464  .00023003  00000+0  25056-3 0  9995
2 54216  41.4673 294.8032 0006745 259.8887 100.1192 15.62838201284062
TIANZHOU-9              
1 64786U 25149A   26113.54209464  .00023003  00000+0  25056-3 0  9997
2 64786  41.4673 294.8032 0006745 259.8887 100.1192 15.62838201284076
HRC MONOBLOCK CAMERA    
1 66052U 98067XR  26113.47141976  .00046463  00000+0  42889-3 0  9997
2 66052  51.6262 198.6791 0004626 324.2839  35.7847 15.67096183 29408
HTV-X1                  
1 66174U 25241A   26112.99220554  .00004413  00000+0  14900-3 0  9994
2 66174  51.6353 219.4042 0007821 344.1053  15.9682 15.32728944 27734
SZ-21 MODULE            
1 66515U 25246C   26112.76488071  .00029535  00000+0  22144-3 0  9994
2 66515  41.4735 291.3260 0004255 310.1381  49.9089 15.71947588 25006
SHENZHOU-22             
1 66645U 25272A   26113.54209464  .00023003  00000+0  25056-3 0  9990
2 66645  41.4673 294.8032 0006745 259.8887 100.1192 15.62838201284083
SOYUZ-MS 28             
1 66664U 25275A   26113.61927549  .00008948  00000+0  17083-3 0  9995
2 66664  51.6320 210.1816 0006827 342.1760  17.8988 15.48912820563366
DUPLEX                  
1 66906U 98067XS  26113.55882706  .00023099  00000+0  29646-3 0  9993
2 66906  51.6275 204.5274 0004556 333.5759  26.5000 15.59011939 22127
ISS OBJECT XT           
1 66907U 98067XT  26112.51263249  .00347235  56416-4  10600-2 0  9991
2 66907  51.6183 198.9334 0011912 345.9210  14.1462 15.91311151 22100
ISS OBJECT XU           
1 66908U 98067XU  26110.99509683  .00476464  97406-4  15071-2 0  9995
2 66908  51.6197 206.8010 0011661 338.6358  21.4160 15.90584480 21863
SILVERSAT               
1 66909U 98067XV  26113.44966717  .07226154  12288-4  11979-2 0  9998
2 66909  51.6027 190.0749 0007952 333.4666  26.5949 16.32457272 22308
ISS OBJECT XW           
1 66910U 98067XW  26112.94022942  .00274562  00000+0  10068-2 0  9998
2 66910  51.6160 197.2849 0011238 342.8473  17.2150 15.86944185 22167
ISS OBJECT XY           
1 66912U 98067XY  26113.49733468  .00107917  00000+0  74908-3 0  9996
2 66912  51.6240 198.8303 0007681 342.2019  17.8710 15.73570870 22189
KNACKSAT-2              
1 67683U 98067XZ  26113.49374211  .00031544  00000+0  45837-3 0  9990
2 67683  51.6295 208.5952 0012187 355.0589   5.0280 15.55418675 11751
CORAL                   
1 67684U 98067YA  26113.52686953  .00077187  00000+0  85370-3 0  9993
2 67684  51.6268 206.5604 0015958 348.4800  11.5826 15.62175853 11782
GXIBA-1                 
1 67685U 98067YB  26113.53667161  .00036665  00000+0  51520-3 0  9991
2 67685  51.6288 208.1315 0014104 352.3128   7.7645 15.56223970 11762
UITMSAT-2               
1 67686U 98067YC  26113.50104836  .00047134  00000+0  62362-3 0  9993
2 67686  51.6293 207.8963 0011123 333.0187  27.0225 15.57768716 11765
HMU-SAT2                
1 67687U 98067YD  26113.54648920  .00033817  00000+0  48278-3 0  9998
2 67687  51.6304 208.2037 0010433 334.8252  25.2229 15.55886902 11682
LEOPARD                 
1 67688U 98067YE  26113.70981339  .00041361  00000+0  56272-3 0  9997
2 67688  51.6296 207.0409 0010727 334.0832  25.9621 15.57085518 11718
CREW DRAGON 12          
1 67796U 26031A   26113.61927549  .00008948  00000+0  17083-3 0  9993
2 67796  51.6320 210.1816 0006827 342.1760  17.8988 15.48912820563431
PROGRESS-MS 33          
1 68319U 26058A   26113.61927549  .00008948  00000+0  17083-3 0  9994
2 68319  51.6320 210.1816 0006827 342.1760  17.8988 15.48912820  4758
CYGNUS NG-24            
1 68689U 26079A   26113.61927549  .00008948  00000+0  17083-3 0  9997
2 68689  51.6320 210.1816 0006827 342.1760  17.8988 15.48912820  1913
